1	8,1,4,1,5,7,4,1,6,7
2	4,6,7,1,5,5,2,4,3,1
3	3,6,6,6,5,6,9,8,1,6
4	4,9,9,2,1,3,1,1,9,6
5	2,6,7,2,1,2,1,4,4,8
6	3,3,5,3,2,2,2,1,1,6
7	2,8,8,8,4,5,5,3,1,2
8	7,8,4,9,3,5,4,4,5,3
9	8,9,5,7,1,4,8,5,3,2
10	7,9,8,3,1,3,4,4,6,5
11	4,1,8,7,4,3,1,3,5,1
12	4,4,7,9,4,8,9,1,8,7
13	3,1,4,4,5,4,3,3,1,2
14	1,4,6,8,4,2,6,6,7,7
15	7,3,9,7,7,8,8,9,5,3
16	5,7,3,9,4,8,3,3,8,1
17	5,9,1,9,9,9,7,5,2,9
18	4,9,5,7,8,8,5,1,8,4
19	3,5,8,3,8,8,7,1,1,3
20	8,4,2,6,5,9,8,2,4,1
21	6,6,5,6,4,1,7,5,6,1
22	5,3,1,9,5,7,3,4,4,5
23	1,9,4,1,1,1,7,4,4,1
24	5,1,1,6,5,7,5,1,2,8
25	8,4,3,8,1,7,4,2,5,3
26	4,3,1,8,9,2,5,6,1,7
27	3,9,5,2,9,2,2,2,1,1
28	1,1,3,7,7,8,2,1,7,7
29	7,1,1,7,8,9,6,7,7,5
30	2,5,8,7,8,9,8,8,4,6
31	2,5,5,2,1,2,7,3,2,6
32	1,3,7,1,7,7,5,8,3,8
33	1,8,5,4,1,8,9,4,9,2
34	6,2,9,1,2,3,4,5,5,6
35	5,2,3,8,9,6,4,8,7,4
36	8,8,1,5,1,2,9,9,6,5
37	3,8,7,9,7,2,1,7,6,6
38	4,5,3,1,5,6,3,7,7,3
39	7,9,6,3,2,2,3,2,4,1
40	1,1,4,8,1,3,2,5,2,8
41	6,9,3,8,9,8,5,1,6,8
42	7,8,5,3,3,1,6,1,1,1
43	9,2,9,1,1,4,6,7,4,6
44	8,3,3,3,4,1,8,7,5,3
45	9,1,7,7,4,3,1,3,7,7
46	8,9,4,6,6,2,2,9,1,1
47	9,1,5,4,5,5,1,2,9,1
48	8,5,4,4,1,1,2,4,1,8
49	8,2,8,1,4,3,3,2,2,7
50	9,6,7,2,3,2,1,6,5,1
51	6,6,9,7,8,8,6,4,1,3
52	6,2,5,9,3,7,8,1,1,7
53	1,1,1,7,2,6,1,7,8,3
54	7,5,1,8,3,1,2,7,4,6
55	1,4,7,1,5,8,8,4,5,4
56	3,4,6,2,1,4,6,1,6,8
57	1,9,7,7,8,1,8,1,7,5
58	1,7,1,4,5,7,1,5,5,6
59	4,1,7,6,3,3,7,4,1,8
60	7,1,3,1,1,2,8,1,7,2
61	8,3,1,3,7,2,3,1,8,3
62	7,9,8,8,5,2,8,7,6,1
63	6,1,5,1,3,8,2,9,5,1
64	9,2,3,2,1,5,1,4,8,1
65	1,8,7,9,8,1,5,1,6,2
66	5,8,6,7,4,1,1,1,5,2
67	2,2,9,1,4,5,9,9,6,1
68	3,9,6,1,6,3,1,1,5,8
69	3,9,6,6,6,1,3,5,2,3
70	1,4,8,5,8,5,4,1,9,1
71	2,2,1,4,5,9,8,8,7,4
72	2,1,3,1,2,3,4,6,6,9
73	2,7,1,1,8,7,4,4,3,9
74	7,1,8,6,4,1,4,2,1,5
75	8,7,4,9,6,4,7,1,5,2
76	2,5,3,1,9,2,4,3,1,1
77	3,6,5,4,9,4,7,5,9,6
78	5,2,1,2,6,4,1,8,2,7
79	5,1,2,1,9,1,5,3,3,9
80	1,4,3,1,3,3,1,3,9,8
81	2,9,9,5,6,2,4,1,3,3
82	1,7,1,2,6,1,2,4,1,7
83	7,3,7,1,1,7,9,1,1,8
84	6,1,4,7,8,3,2,4,8,7
85	5,8,5,2,1,4,4,9,4,1
86	6,7,9,6,1,7,9,1,9,5
87	2,5,5,4,4,9,1,1,9,1
88	2,5,2,9,3,2,7,1,8,6
89	4,3,7,5,6,6,7,6,3,5
90	2,2,1,6,1,7,9,1,9,7
91	1,6,6,5,3,1,5,8,9,6
92	9,7,1,8,7,4,7,2,8,3
93	7,3,9,9,6,7,1,2,9,5
94	4,5,2,3,3,5,4,8,3,5
95	2,5,1,5,8,4,6,5,4,5
96	3,3,9,2,7,6,8,6,1,3
97	1,8,5,7,6,3,5,6,8,2
98	2,7,2,6,1,8,9,7,1,3
99	1,5,5,6,7,9,1,1,5,4
100	1,1,3,3,8,8,5,6,9,6
101	8,6,9,8,3,1,8,4,8,2
102	1,1,2,7,1,2,6,5,2,8
103	6,9,7,8,7,3,7,5,5,3
104	1,8,9,1,9,2,2,5,1,1
105	3,4,5,4,3,2,1,8,8,8
106	3,1,9,5,7,3,4,2,9,8
107	5,1,7,2,4,1,5,6,1,2
108	3,7,6,1,9,1,5,6,5,8
109	1,6,3,2,6,5,9,2,6,1
110	1,7,5,1,9,7,7,7,1,4
111	4,1,4,5,5,5,3,4,4,5
112	1,5,5,1,4,1,7,1,1,2
113	1,3,3,3,2,1,2,8,9,5
114	5,4,5,1,4,9,2,7,1,5
115	7,3,2,1,3,1,3,4,5,1
116	1,3,2,2,1,5,5,1,6,2
117	4,1,8,1,8,1,8,6,7,8
118	1,9,1,1,1,3,1,6,3,7
119	5,1,3,5,3,1,6,7,1,9
120	6,3,2,7,6,4,2,3,3,5
121	2,6,6,1,1,9,2,4,8,8
122	9,2,6,1,1,1,7,4,8,5
123	5,5,1,7,9,5,1,3,1,3
124	4,1,2,5,9,1,6,3,8,9
125	9,4,9,4,2,9,3,1,2,1
126	4,8,9,6,5,2,7,9,8,5
127	8,1,3,5,9,6,4,8,9,9
128	8,6,2,1,4,1,2,2,4,6
129	3,1,8,6,1,4,6,1,7,9
130	8,8,4,7,3,1,4,1,6,1
131	6,9,1,6,9,5,8,4,1,2
132	7,5,6,5,1,4,3,8,7,6
133	4,1,5,8,1,7,8,3,2,4
134	9,8,7,5,7,8,8,9,8,4
135	2,6,1,1,5,6,3,9,1,2
136	5,1,8,6,8,2,7,8,5,9
137	6,6,6,6,1,5,4,8,4,8
138	5,7,4,8,2,8,8,2,2,7
139	1,1,1,9,7,7,4,5,6,3
140	9,9,9,5,5,6,1,9,1,7
141	3,5,5,3,4,2,2,8,6,6
142	3,1,5,6,2,9,2,1,4,9
143	1,1,2,4,8,4,1,4,3,6
144	3,5,8,8,1,4,8,7,8,1
145	5,3,7,4,8,7,3,9,3,3
146	1,3,1,2,3,6,1,7,3,6
147	5,6,2,8,1,1,5,5,7,3
148	6,9,1,9,5,1,8,1,5,2
149	3,4,4,6,8,4,8,2,2,1
150	8,5,5,1,4,1,8,2,2,5
151	5,7,6,8,3,1,1,1,3,7
152	2,5,9,3,2,6,4,5,2,5
153	5,2,1,4,4,8,1,4,6,4
154	1,1,1,4,6,2,8,3,1,4
155	2,1,3,1,3,9,3,5,3,2
156	4,9,3,6,2,5,1,1,3,6
157	3,3,9,1,2,3,1,6,7,5
158	9,6,1,8,8,4,1,9,2,6
159	5,9,1,1,6,9,3,7,4,7
160	6,4,3,9,5,1,1,9,4,8
161	1,5,6,4,1,1,9,6,1,5
162	3,5,1,7,9,7,1,4,8,4
163	5,9,8,1,5,3,1,4,2,5
164	1,3,3,9,1,6,1,2,3,8
165	5,3,5,8,9,3,8,7,8,9
166	7,1,8,5,3,1,2,4,5,1
167	1,7,5,4,1,9,9,7,3,1
168	4,3,1,7,2,2,8,8,1,4
169	1,1,1,1,5,4,3,7,8,4
170	9,7,1,6,1,9,9,5,2,9
171	7,2,2,9,9,7,4,9,9,4
172	8,8,8,1,9,9,9,7,5,9
173	7,2,5,5,6,3,8,4,1,8
174	4,4,5,4,1,1,2,3,2,1
175	8,8,3,1,8,1,3,7,1,1
176	1,8,6,5,2,9,1,6,8,2
177	6,3,9,7,9,5,1,7,2,2
178	8,1,1,6,5,7,8,9,2,5
179	9,4,4,4,4,1,2,7,8,8
180	3,2,5,1,9,5,3,1,5,2
181	5,7,6,5,7,1,1,7,7,3
182	2,1,2,1,9,8,2,4,6,3
183	1,1,1,7,1,6,4,3,3,7
184	1,3,8,9,5,3,6,4,5,2
185	6,9,4,1,8,6,8,7,1,1
186	1,3,6,1,8,5,7,4,1,2
187	7,2,7,8,9,6,7,9,4,1
188	5,5,5,4,7,9,2,9,8,1
189	4,1,4,2,1,2,4,4,4,6
190	7,1,8,1,8,7,1,8,9,2
191	9,5,1,4,2,4,3,3,6,8
192	3,1,1,4,5,8,7,2,1,1
193	1,3,5,2,9,7,1,9,5,5
194	8,7,6,4,2,4,4,3,1,8
195	9,4,7,6,1,6,6,7,7,4
196	7,8,8,7,1,5,2,1,6,9
197	8,3,7,4,2,5,1,7,1,1
198	1,7,2,8,7,2,8,2,9,7
199	2,3,7,5,3,4,2,9,6,1
200	7,4,4,8,6,5,7,7,1,9
201	5,1,6,5,8,2,5,7,8,4
202	5,1,1,9,5,7,6,2,4,1
203	7,2,2,4,7,9,2,2,4,1
204	1,3,9,3,4,9,3,4,9,6
205	3,1,7,1,6,8,5,6,5,1
206	1,2,7,3,6,9,8,9,5,5
207	1,6,2,6,5,5,1,8,4,6
208	8,4,4,9,1,1,1,7,9,3
209	7,1,7,8,2,7,3,8,5,6
210	4,4,9,7,5,9,6,6,6,8
211	1,6,8,3,6,3,9,6,1,9
212	7,2,6,3,4,5,1,3,6,1
213	1,1,1,8,2,5,5,5,3,6
214	4,2,7,1,6,2,2,8,1,4
215	5,6,7,7,9,4,5,4,8,9
216	4,1,3,8,5,7,8,9,3,2
217	1,7,9,3,3,1,6,6,1,7
218	7,1,3,3,1,3,4,3,6,3
219	9,5,5,9,3,5,1,3,1,2
220	9,8,1,3,1,4,3,1,8,6
221	9,8,6,2,2,6,4,5,7,9
222	4,1,4,7,7,5,2,9,2,7
223	3,8,7,5,5,8,8,4,9,7
224	9,6,9,1,6,4,9,4,2,7
225	6,2,4,3,1,2,3,9,1,1
226	1,8,9,2,5,8,8,7,9,1
227	4,5,5,7,6,9,4,1,7,2
228	9,8,4,5,4,1,2,3,4,9
229	1,1,7,4,7,4,1,8,1,8
230	2,9,1,9,9,1,1,8,7,8
231	3,1,7,2,7,9,7,7,7,6
232	3,7,5,8,8,1,4,2,1,6
233	7,7,7,1,9,5,1,8,7,5
234	5,2,6,9,5,1,4,1,2,2
235	3,1,7,9,1,3,7,1,3,3
236	1,8,6,2,1,7,4,9,8,7
237	9,1,8,4,6,9,8,9,6,9
238	5,9,8,4,1,1,1,1,5,9
239	1,7,7,7,8,2,6,9,3,4
240	2,1,3,2,6,7,1,4,5,8
241	7,3,1,4,8,1,5,1,3,2
242	9,1,1,5,3,6,5,5,4,1
243	9,8,8,1,7,4,6,7,5,8
244	2,1,5,5,4,9,5,1,8,8
245	7,9,6,2,6,9,7,2,4,1
246	1,9,3,9,1,6,3,6,9,6
247	7,1,5,6,9,9,1,2,4,5
248	2,8,1,1,4,7,1,5,5,1
249	2,1,4,8,5,6,1,2,6,4
250	6,2,1,8,4,2,4,5,7,1
251	6,1,2,7,7,1,5,3,9,3
252	7,4,9,2,1,1,9,1,2,4
253	5,7,2,5,1,2,6,7,4,9
254	3,8,6,2,1,8,7,5,2,7
255	2,1,8,2,1,7,1,3,8,9
256	1,9,4,3,1,4,7,1,1,6
257	5,2,3,1,1,1,7,5,3,2
258	1,5,1,4,9,4,9,1,1,3
259	8,8,1,1,6,9,5,2,5,4
260	4,5,4,1,1,6,5,1,1,2
261	1,1,9,7,2,5,3,1,6,3
262	1,5,2,3,5,8,3,8,4,3
263	4,1,1,4,1,7,1,5,6,4
264	3,5,9,6,7,1,7,7,7,9
265	4,3,1,2,6,4,9,2,9,5
266	2,1,5,2,3,8,4,9,3,4
267	9,7,2,1,8,6,8,4,1,9
268	5,4,7,9,1,6,8,3,5,5
269	2,1,9,3,8,8,2,9,2,9
270	6,4,1,4,7,8,6,2,1,6
271	5,3,5,1,5,7,7,2,1,8
272	1,2,6,2,3,5,4,5,4,9
273	5,6,8,4,7,3,5,7,7,1
274	8,7,6,1,8,2,6,2,1,2
275	5,6,4,1,5,1,5,2,1,5
276	1,9,9,8,3,3,2,6,1,7
277	1,2,1,4,1,2,1,3,6,8
278	1,1,1,2,7,8,1,5,9,5
279	3,6,1,5,1,1,1,7,3,9
280	2,5,1,4,6,4,2,1,2,1
281	9,7,4,8,3,1,1,7,6,8
282	7,7,1,4,8,3,5,1,1,8
283	3,1,2,1,1,2,9,8,2,3
284	3,2,5,8,3,9,5,7,7,3
285	2,3,2,5,2,3,1,1,1,3
286	1,9,5,9,3,5,3,8,2,1
287	3,4,8,3,5,5,2,7,1,3
288	1,5,8,1,4,9,5,3,1,2
289	9,6,5,4,1,1,5,4,8,7
290	9,8,7,6,3,5,8,8,5,3
291	1,9,4,9,7,6,4,9,3,1
292	8,2,5,1,6,7,8,2,7,6
293	2,1,8,3,5,9,6,8,3,1
294	1,8,1,7,6,8,4,7,3,3
295	1,3,2,5,2,1,2,1,6,6
296	8,1,6,8,6,1,1,1,7,4
297	6,6,5,1,8,1,7,9,1,5
298	1,5,3,3,3,1,4,6,8,2
299	6,9,6,4,2,3,1,8,1,5
300	3,7,9,8,1,6,3,6,3,4
301	7,7,3,4,3,6,4,8,9,1
302	3,2,1,1,7,9,6,6,1,5
303	2,6,3,6,7,7,9,4,5,7
304	2,8,3,3,1,8,7,3,1,4
305	7,1,9,8,6,7,9,1,6,6
306	6,4,5,3,9,7,5,3,9,1
307	4,7,7,3,9,9,7,5,2,9
308	8,9,7,8,5,1,1,4,7,7
309	5,8,1,9,1,1,3,4,2,5
310	7,7,6,1,7,1,1,2,7,2
311	7,2,6,4,2,4,8,1,1,9
312	9,2,5,9,1,3,5,8,7,6
313	1,6,2,9,2,8,8,2,7,9
314	6,1,7,3,8,8,7,1,6,6
315	9,4,5,1,1,4,1,5,6,7
316	5,1,2,7,7,3,8,1,1,2
317	6,4,4,6,2,1,8,4,1,1
318	3,7,5,4,1,5,9,3,7,9
319	6,2,3,6,9,5,2,2,7,7
320	4,4,7,9,7,4,1,8,5,7
321	4,4,3,4,4,4,4,8,2,7
322	7,5,1,4,3,9,4,3,3,3
323	1,7,3,8,7,4,8,5,8,6
324	3,2,4,6,1,5,7,9,3,7
325	7,2,9,6,9,2,1,1,2,9
326	2,4,5,1,7,1,9,8,7,5
327	7,4,1,7,2,8,8,2,6,8
328	2,7,1,4,9,5,7,8,9,3
329	2,8,1,9,8,1,1,7,2,4
330	4,8,4,8,1,4,6,4,4,9
331	4,9,6,1,9,8,1,6,5,1
332	6,1,3,9,7,3,2,2,3,1
333	3,1,7,3,4,7,9,5,1,1
334	5,7,9,2,3,1,3,2,3,8
335	7,5,1,7,3,5,9,1,8,7
336	7,1,9,7,7,2,9,1,2,9
337	1,5,5,5,1,9,4,4,3,1
338	5,3,6,7,8,5,8,2,4,6
339	4,2,5,8,8,1,7,6,8,9
340	5,3,8,9,4,4,6,6,6,7
341	7,1,3,7,9,1,3,3,4,1
342	1,2,8,3,1,1,6,9,1,1
343	7,8,5,8,8,9,8,1,1,4
344	9,9,1,1,6,8,5,1,2,9
345	7,5,3,1,2,9,5,4,2,6
346	5,1,2,3,8,1,5,2,3,8
347	9,1,1,1,8,9,3,9,1,9
348	6,8,1,4,4,3,4,3,8,9
349	2,7,8,8,6,8,5,3,6,6
350	3,3,1,7,9,5,1,6,2,3
351	7,2,7,7,1,2,6,9,5,5
352	5,7,9,5,4,5,1,1,2,8
353	1,8,6,4,1,1,1,4,1,9
354	2,4,2,1,3,1,7,2,2,1
355	9,9,4,5,8,1,7,3,5,3
356	4,9,2,9,2,1,7,8,1,1
357	2,7,1,1,1,7,8,7,9,2
358	1,8,2,5,9,3,2,7,7,5
359	2,3,4,8,4,8,1,4,2,2
360	5,5,5,9,6,7,4,1,7,1
361	2,1,8,3,4,1,1,4,6,2
362	9,1,7,6,6,1,1,1,9,5
363	4,3,7,3,1,4,4,7,9,8
364	8,8,9,1,6,2,5,1,2,5
365	6,6,1,3,6,3,7,2,2,6
366	2,9,4,3,4,1,8,2,2,8
367	5,7,4,5,1,6,8,5,1,5
368	3,2,6,1,4,8,1,4,6,7
369	1,7,3,6,4,3,2,9,7,8
370	1,2,2,8,3,1,1,1,3,8
371	7,3,1,1,4,6,8,4,1,3
372	6,7,7,1,4,8,7,2,4,4
373	1,5,1,3,3,7,3,5,3,1
374	3,8,1,1,1,6,1,2,1,5
375	3,8,9,3,1,2,2,5,1,3
376	4,8,1,1,5,5,6,5,7,2
377	9,7,6,1,1,9,1,8,4,3
378	6,7,9,7,5,6,3,7,4,6
379	1,5,5,4,7,7,1,3,5,9
380	1,5,6,4,4,1,5,7,6,6
381	2,8,7,7,4,8,4,9,2,9
382	6,3,8,3,6,3,2,5,4,1
383	9,5,4,2,5,5,9,4,9,4
384	8,7,6,1,8,5,2,2,9,8
385	3,1,6,2,4,1,1,9,7,3
386	2,9,4,9,1,6,2,8,7,1
387	3,5,4,1,5,2,1,9,7,9
388	3,2,9,8,1,1,2,8,3,2
389	1,2,2,1,4,8,4,9,5,5
390	5,3,8,1,7,5,2,7,3,1
391	7,2,3,5,3,9,7,3,1,9
392	2,9,6,7,4,3,3,3,5,1
393	4,1,5,2,4,3,7,9,1,3
394	7,2,2,9,9,6,8,7,3,4
395	1,1,8,2,4,5,2,6,2,2
396	2,2,2,2,8,1,6,6,9,1
397	7,2,4,3,9,1,9,1,1,6
398	6,6,4,9,7,8,5,2,1,3
399	3,7,2,5,1,7,9,9,1,1
400	4,1,2,1,2,7,9,3,8,7
401	1,9,6,1,1,4,4,6,9,1
402	9,6,3,8,2,1,8,1,3,1
403	1,6,8,6,5,7,1,1,9,6
404	3,4,1,1,4,2,4,1,1,6
405	4,7,6,1,4,2,5,2,7,1
406	8,7,5,9,9,1,4,3,7,4
407	9,8,2,5,2,3,8,7,7,2
408	6,6,9,3,1,2,6,5,4,7
409	5,7,6,6,1,1,8,2,1,6
410	9,8,4,8,5,4,6,3,8,4
411	8,2,3,5,1,1,4,9,9,3
412	8,5,4,8,8,8,6,8,7,4
413	7,7,4,1,3,2,5,6,6,1
414	5,1,4,1,5,9,5,7,4,6
415	9,1,6,4,9,8,9,1,9,6
416	6,3,1,5,3,1,4,1,2,5
417	7,4,1,6,3,2,8,1,8,9
418	3,3,5,4,8,4,8,1,1,7
419	1,8,7,1,8,7,6,5,3,9
420	7,2,7,4,2,1,6,2,1,1
421	6,2,8,9,4,4,1,1,8,9
422	9,5,2,8,2,6,8,7,4,4
423	1,1,4,2,5,3,6,4,3,7
424	1,6,1,3,1,9,8,5,6,4
425	1,1,1,1,9,8,9,6,1,6
426	9,8,9,9,2,6,7,1,2,2
427	9,7,1,7,1,1,6,3,2,2
428	3,5,5,6,8,3,2,2,8,3
429	1,8,1,1,5,7,9,4,5,3
430	2,2,3,2,4,4,8,4,4,2
431	3,1,5,7,9,1,3,6,7,2
432	3,8,1,6,3,5,6,4,4,9
433	8,5,4,4,6,3,3,5,1,3
434	7,3,3,6,3,9,5,9,8,5
435	8,6,2,1,4,1,5,7,2,2
436	9,8,4,5,5,6,6,3,6,2
437	8,5,8,7,5,1,2,1,5,5
438	1,3,9,2,7,9,5,1,4,3
439	7,5,5,5,1,8,1,9,8,1
440	8,7,1,8,9,8,9,9,9,8
441	2,6,3,5,4,1,5,1,3,5
442	2,9,1,7,9,5,2,3,8,8
443	8,8,1,5,5,4,1,3,3,7
444	7,7,6,5,2,5,6,6,7,3
445	1,2,4,7,5,7,3,8,7,4
446	5,1,2,7,2,1,7,6,5,5
447	2,1,3,1,4,4,5,7,2,6
448	8,5,6,5,7,9,7,2,3,5
449	9,3,2,1,5,6,5,6,6,6
450	2,5,1,5,4,7,3,2,3,2
451	5,2,1,6,6,2,9,1,4,1
452	6,6,8,4,8,4,1,3,2,4
453	2,1,4,4,4,8,3,9,1,6
454	1,1,4,1,1,8,6,3,1,3
455	2,1,6,9,8,1,1,1,1,1
456	6,3,8,9,5,5,3,5,5,5
457	8,1,7,9,1,3,1,7,1,8
458	1,1,5,2,4,8,1,9,9,3
459	2,4,9,2,7,9,3,7,6,9
460	2,1,3,8,1,8,1,6,9,8
461	8,5,8,2,8,2,8,5,1,9
462	7,5,8,5,6,8,8,6,1,9
463	1,7,9,2,2,3,1,6,9,8
464	5,2,9,9,4,5,6,9,6,9
465	1,1,4,8,4,1,7,4,6,7
466	6,1,8,7,8,3,1,3,1,3
467	1,4,3,1,4,8,1,2,4,8
468	2,7,2,7,8,2,1,5,5,9
469	6,6,6,4,8,1,3,8,3,8
470	8,9,9,2,8,4,6,4,9,9
471	6,2,5,5,9,1,5,1,9,4
472	3,3,7,2,5,4,3,3,1,1
473	1,9,6,7,4,7,1,4,3,8
474	3,7,4,8,5,2,1,1,1,7
475	2,5,9,7,1,9,5,9,7,4
476	2,4,9,4,1,3,3,1,3,6
477	1,4,7,1,1,3,1,7,9,7
478	3,6,7,4,5,1,7,1,8,6
479	2,6,9,5,6,2,5,3,7,4
480	7,4,9,2,2,5,9,5,4,9
481	6,6,6,5,6,1,2,3,3,1
482	9,7,5,6,2,1,8,7,4,9
483	6,5,4,9,9,7,4,4,5,8
484	2,8,7,4,1,9,1,4,5,3
485	5,9,6,3,9,4,3,2,7,7
486	1,2,1,1,9,1,8,7,1,9
487	7,1,3,1,9,5,9,6,9,8
488	5,3,1,9,6,9,2,1,9,8
489	6,5,5,8,9,9,4,6,9,8
490	7,4,2,5,5,8,3,5,9,1
491	2,4,5,1,5,1,9,4,9,4
492	4,8,5,7,2,5,4,7,8,9
493	6,7,4,1,3,7,1,3,5,1
494	3,4,7,3,2,1,1,3,6,9
495	8,1,1,5,9,2,1,1,8,5
496	1,3,5,6,2,1,8,5,4,6
497	6,2,4,1,1,5,1,1,5,8
498	4,3,1,5,9,5,8,6,2,1
499	1,1,6,1,3,5,1,8,1,6
500	4,9,2,7,8,5,1,5,1,1
501	6,3,6,9,9,3,1,1,3,7
502	1,9,1,1,1,6,1,7,7,8
503	9,4,3,2,6,7,9,8,8,3
504	6,6,8,5,6,6,1,9,7,8
505	3,1,4,9,5,1,8,7,7,4
506	4,7,9,4,6,5,3,1,5,4
507	4,4,6,1,8,4,5,4,8,8
508	5,8,5,5,2,3,1,2,9,4
509	1,9,4,1,2,5,5,1,9,7
510	8,8,3,4,9,5,1,1,6,2
511	1,2,1,7,9,8,1,6,4,6
512	2,1,9,3,1,1,7,5,1,5
513	6,4,2,6,7,7,7,1,5,6
514	4,7,2,5,5,5,2,5,3,4
515	8,6,2,1,7,5,1,3,8,6
516	1,1,9,2,2,6,7,5,8,5
517	5,6,1,1,8,1,9,9,7,6
518	4,5,1,1,8,4,3,4,4,1
519	1,2,3,4,8,8,9,3,1,4
520	5,6,4,5,5,6,5,4,2,6
521	3,7,4,3,5,1,9,9,9,1
522	1,2,9,7,5,6,1,1,6,5
523	2,1,6,5,1,2,9,3,1,6
524	5,6,1,6,2,3,3,3,8,4
525	6,9,9,3,7,1,8,8,4,6
526	3,2,6,8,5,3,6,5,6,5
527	2,8,1,1,3,6,7,1,1,6
528	2,6,1,7,3,1,2,7,6,8
529	4,3,1,8,5,1,2,8,7,8
530	9,1,7,6,3,3,4,1,8,7
531	1,6,3,8,5,3,8,6,1,1
532	1,7,1,1,3,1,9,2,9,5
533	3,2,8,1,5,9,3,9,3,2
534	8,1,9,9,6,4,6,9,9,1
535	4,1,8,3,3,6,1,4,5,7
536	6,6,1,4,4,1,7,6,1,7
537	2,1,8,5,1,7,8,1,1,9
538	5,4,2,6,1,6,1,9,4,9
539	4,4,4,7,2,1,4,1,7,1
540	2,1,1,3,1,5,1,4,1,1
541	4,3,4,8,9,8,5,9,8,3
542	1,7,6,1,4,1,7,5,4,1
543	4,9,7,5,4,9,3,4,2,1
544	2,4,8,9,7,8,4,9,7,2
545	1,8,2,3,9,7,7,3,8,9
546	5,4,3,4,7,5,9,1,6,1
547	5,6,5,1,9,1,7,5,8,1
548	8,4,5,4,8,8,7,2,3,6
549	9,8,3,9,6,7,1,6,1,1
550	9,4,2,9,5,1,8,3,1,4
551	9,6,6,5,7,3,8,7,5,8
552	7,9,2,4,3,5,4,2,7,3
553	1,5,1,4,1,2,2,1,7,4
554	5,8,1,7,7,5,9,4,1,8
555	2,3,4,6,1,6,2,4,1,8
556	7,1,9,9,8,9,3,3,1,3
557	5,7,9,8,5,5,7,2,3,8
558	9,5,1,3,1,7,8,1,3,6
559	8,2,7,2,8,1,7,7,7,4
560	1,9,1,6,7,3,5,2,8,8
561	2,5,8,9,8,7,7,1,6,9
562	5,8,1,3,5,9,5,1,4,2
563	4,1,3,2,3,6,2,9,1,1
564	6,1,4,9,9,8,3,3,8,3
565	5,1,4,9,2,1,2,4,1,9
566	9,1,9,9,6,8,7,5,3,7
567	6,4,4,2,6,2,2,7,3,1
568	7,1,1,1,1,1,6,9,4,5
569	5,4,9,2,3,6,9,2,8,4
570	1,1,9,2,6,7,3,1,7,6
571	4,6,1,5,7,1,3,3,2,1
572	2,8,8,8,9,8,5,2,8,8
573	4,5,8,8,7,4,4,1,2,4
574	5,4,8,6,2,8,6,6,7,1
575	4,1,2,5,4,6,2,1,8,6
576	5,6,2,1,8,4,8,5,6,1
577	8,3,3,7,7,9,2,5,7,3
578	1,4,8,9,2,3,4,3,2,8
579	1,6,1,6,7,1,2,6,1,1
580	3,8,2,4,2,6,2,4,1,4
581	2,1,3,3,1,1,2,8,8,5
582	1,2,3,1,8,2,5,1,9,1
583	6,1,1,8,8,3,1,1,7,6
584	3,1,7,5,1,3,1,7,5,6
585	9,7,6,4,5,3,9,6,8,5
586	1,2,9,8,2,1,9,2,3,1
587	1,2,1,1,6,4,8,3,1,4
588	7,2,1,5,7,5,6,8,7,5
589	8,7,6,3,3,1,1,5,9,5
590	1,3,4,9,6,8,1,9,3,2
591	8,1,4,3,3,4,7,9,5,4
592	9,2,1,1,9,1,1,1,8,5
593	3,8,5,8,2,8,8,8,3,4
594	3,2,1,8,6,1,5,2,1,2
595	7,8,4,8,5,2,9,2,7,1
596	5,4,6,5,8,4,7,9,7,5
597	1,6,1,8,1,8,9,6,3,6
598	2,6,9,6,1,5,2,6,7,3
599	1,3,7,6,1,7,7,4,7,4
600	9,1,4,1,8,1,5,9,7,7
601	8,8,8,1,2,8,9,5,5,1
602	5,3,1,2,8,8,1,9,7,4
603	3,6,1,4,5,7,4,7,4,5
604	1,9,4,8,7,2,8,8,1,2
605	5,2,1,1,7,1,2,1,1,1
606	2,4,1,6,5,4,6,6,2,1
607	3,2,5,6,7,4,2,1,7,1
608	8,6,2,6,2,3,5,4,4,5
609	9,4,2,1,1,9,6,3,8,6
610	1,4,1,7,4,3,2,9,9,4
611	2,1,6,1,1,2,2,7,1,7
612	1,4,7,9,6,6,7,1,1,8
613	8,6,4,1,1,1,8,9,7,6
614	3,8,6,4,1,4,2,1,1,7
615	5,1,7,1,4,5,5,9,3,2
616	1,5,2,4,4,4,4,9,5,5
617	2,1,9,5,5,4,5,8,9,9
618	5,1,6,8,3,1,5,1,3,8
619	1,3,2,9,1,2,7,7,5,7
620	1,6,6,3,2,6,1,8,5,8
621	1,7,8,2,7,4,5,2,4,6
622	2,6,8,1,2,9,9,6,6,3
623	5,1,5,1,1,3,4,8,5,1
624	1,1,2,1,2,8,3,6,5,1
625	5,2,3,7,3,1,2,6,5,3
626	7,1,8,3,8,6,1,7,3,9
627	9,3,1,5,6,1,2,2,3,3
628	7,1,3,1,8,8,8,2,8,1
629	1,3,6,1,6,2,8,1,4,8
630	2,3,6,1,2,7,8,1,3,1
631	7,4,9,7,3,8,6,1,2,5
632	6,4,4,8,1,2,8,2,4,9
633	7,9,1,8,4,6,6,4,9,6
634	8,9,4,1,8,7,4,5,1,8
635	7,5,4,3,1,3,4,1,1,7
636	1,1,1,6,2,3,1,5,6,8
637	6,6,7,4,4,5,3,3,8,6
638	3,9,1,3,5,4,4,8,3,1
639	1,8,8,9,2,1,2,3,6,1
640	2,7,9,1,3,9,6,2,1,9
641	8,3,1,4,5,6,8,6,8,4
642	5,3,2,6,3,8,9,5,1,1
643	1,3,5,1,1,1,1,1,3,5
644	2,8,4,4,4,2,5,7,8,8
645	9,5,4,9,6,5,7,7,6,6
646	8,4,4,8,9,2,1,8,5,6
647	4,3,8,1,2,1,1,7,1,2
648	5,5,5,8,7,8,4,7,8,9
649	4,6,1,9,5,7,7,1,9,8
650	4,1,4,7,9,1,4,9,1,1
651	8,9,9,1,2,6,3,3,4,2
652	2,6,5,2,1,3,8,7,8,4
653	1,1,5,4,9,7,2,1,1,7
654	4,1,4,1,6,4,9,7,2,1
655	9,6,7,2,5,6,3,1,3,1
656	2,4,1,8,5,4,8,2,1,8
657	3,3,3,5,1,4,6,1,1,1
658	5,8,3,6,2,4,1,2,5,8
659	5,5,7,9,1,1,6,9,1,4
660	4,4,7,9,4,1,5,3,8,3
661	1,3,9,7,6,6,5,4,8,4
662	8,9,6,7,8,5,4,5,7,8
663	1,4,4,7,8,5,1,7,3,6
664	2,1,5,2,1,5,5,1,1,2
665	3,7,9,6,3,8,9,7,6,1
666	1,1,4,8,5,1,4,1,9,3
667	7,2,1,3,4,9,1,1,6,5
668	1,7,6,1,1,5,3,3,1,8
669	8,9,1,1,5,1,7,5,1,2
670	9,4,1,5,7,7,6,5,5,1
671	1,8,8,1,4,5,2,2,3,7
672	5,2,2,5,6,9,4,4,1,1
673	1,1,9,3,1,1,8,7,8,4
674	1,2,5,7,8,9,6,1,1,5
675	8,1,1,4,7,8,2,2,1,5
676	5,8,8,6,1,1,5,1,9,1
677	5,6,9,1,7,6,9,4,2,5
678	5,4,1,9,6,1,3,3,1,5
679	8,9,9,8,5,1,8,1,9,7
680	7,2,1,5,7,6,3,3,1,3
681	2,3,4,3,9,1,1,5,4,5
682	5,3,9,2,6,2,8,2,3,8
683	2,4,8,4,5,7,1,1,8,3
684	4,9,7,6,2,6,8,5,1,1
685	5,1,4,5,2,1,8,3,3,1
686	9,2,4,4,1,2,3,6,2,1
687	7,4,9,6,4,7,1,5,5,1
688	4,8,6,3,9,1,1,9,7,8
689	7,1,6,8,4,6,6,2,4,9
690	6,1,6,1,1,2,8,2,9,6
691	3,5,3,2,1,9,6,5,7,5
692	1,2,7,7,8,9,7,7,5,8
693	7,5,4,4,6,3,1,2,9,6
694	1,9,7,3,9,5,5,9,9,3
695	1,9,1,4,3,6,7,2,3,1
696	7,1,7,6,1,4,9,8,3,5
697	7,1,2,9,7,6,6,6,7,2
698	8,9,8,6,4,5,1,2,1,8
699	6,3,6,1,2,5,2,6,1,8
700	5,7,1,1,4,1,8,7,1,5
701	3,5,1,4,1,8,2,2,3,2
702	2,8,2,1,5,1,6,3,6,1
703	3,1,6,6,5,1,7,2,7,4
704	4,1,8,8,8,3,1,6,1,6
705	5,4,3,1,2,4,4,5,4,7
706	2,1,7,2,8,1,7,5,4,1
707	2,8,2,2,5,7,5,2,7,1
708	1,1,7,1,8,6,4,2,8,1
709	9,3,2,7,3,9,7,4,8,7
710	4,1,4,1,1,5,1,2,1,8
711	9,9,9,4,5,2,5,2,2,1
712	2,1,1,5,2,9,1,6,8,1
713	4,4,1,2,2,2,9,1,6,8
714	6,3,2,2,7,2,2,1,6,3
715	1,7,1,3,7,9,1,9,9,8
716	1,6,9,3,6,1,7,5,1,6
717	8,6,1,1,1,1,4,4,8,6
718	7,6,1,1,6,3,4,6,5,5
719	4,8,4,4,7,3,9,4,1,8
720	5,4,9,3,5,4,8,6,2,1
721	7,7,1,7,1,1,2,3,5,3
722	1,6,3,7,2,4,9,4,8,1
723	7,8,7,8,3,1,6,2,6,7
724	1,7,6,4,7,8,4,4,6,1
725	1,5,3,3,4,5,7,3,6,4
726	2,1,7,1,1,5,6,9,9,1
727	7,9,9,5,8,7,5,4,6,2
728	6,1,6,9,1,9,9,2,8,8
729	7,6,2,1,4,5,1,1,1,1
730	5,1,7,1,2,6,5,1,1,7
731	2,2,7,7,5,6,4,6,2,4
732	1,1,9,5,1,8,3,1,3,3
733	3,1,9,2,1,6,2,7,3,2
734	8,1,8,1,7,8,5,2,9,2
735	2,6,8,3,8,3,1,5,1,2
736	7,3,9,5,3,8,8,3,8,3
737	7,1,5,4,7,8,1,3,6,1
738	3,9,1,5,3,7,4,9,9,3
739	1,1,4,6,3,5,3,1,3,2
740	4,6,8,7,1,9,6,5,3,9
741	3,7,3,6,3,8,7,5,1,6
742	9,6,3,6,8,2,3,5,6,1
743	9,1,6,8,1,2,4,5,1,5
744	1,2,7,7,1,1,5,6,7,6
745	9,3,3,1,3,4,3,6,5,8
746	6,3,1,7,4,7,5,2,1,5
747	1,1,3,2,1,5,9,2,6,4
748	6,1,4,7,1,1,8,9,7,2
749	9,1,3,8,1,2,8,9,6,6
750	2,9,7,7,8,3,7,1,3,4
751	6,1,6,1,5,2,5,8,8,1
752	4,3,9,2,5,3,6,7,5,9
753	7,8,6,9,3,4,7,3,5,9
754	1,1,1,2,1,3,6,1,1,3
755	5,7,1,6,6,4,7,2,2,9
756	7,5,1,7,1,4,1,9,8,5
757	7,8,1,5,7,1,8,1,2,9
758	9,9,4,1,5,2,2,9,2,8
759	6,9,9,5,9,7,8,1,9,9
760	1,6,4,9,8,1,2,8,6,4
761	2,4,7,8,7,6,9,2,5,6
762	7,4,3,9,2,5,2,3,7,6
763	5,6,4,4,8,9,5,6,1,5
764	4,1,1,1,7,8,6,2,1,3
765	1,1,1,7,6,8,1,8,8,1
766	9,1,1,2,5,8,2,5,6,3
767	7,3,9,3,1,1,8,2,8,1
768	2,3,6,9,2,3,9,1,7,7
769	2,6,1,4,3,6,9,5,2,6
770	9,3,6,1,3,3,1,8,6,3
771	6,6,3,3,4,4,7,7,2,3
772	8,8,2,9,5,1,4,5,6,9
773	6,4,1,9,9,5,5,6,6,8
774	3,9,4,7,6,7,4,8,5,7
775	2,7,3,2,9,6,6,8,5,2
776	1,8,2,3,2,2,3,2,3,6
777	1,1,1,2,6,1,4,5,2,2
778	1,1,5,1,4,9,5,1,6,1
779	1,9,5,4,3,1,8,5,9,9
780	1,8,7,1,2,5,1,9,8,1
781	3,2,2,1,8,3,3,1,3,9
782	2,3,1,7,2,7,4,4,2,2
783	3,1,8,8,7,9,7,3,2,7
784	1,4,8,2,1,5,9,1,7,8
785	5,4,7,1,2,1,5,6,6,1
786	2,9,6,2,1,4,1,6,3,1
787	9,4,9,6,5,1,6,1,3,6
788	5,1,9,6,1,3,4,1,2,5
789	4,1,2,1,1,2,5,1,5,8
790	1,1,4,3,8,2,9,6,9,5
791	3,1,4,3,6,9,7,3,1,5
792	1,9,2,7,5,5,4,1,2,1
793	8,7,6,1,7,1,7,6,5,3
794	1,8,3,1,4,6,9,2,9,1
795	6,9,7,1,5,1,2,9,1,8
796	9,3,1,7,2,4,1,3,8,1
797	4,9,1,5,3,2,1,6,5,4
798	9,7,1,4,4,1,5,3,4,7
799	5,6,2,8,4,6,1,1,5,9
800	8,1,1,7,9,1,3,9,2,3
801	4,5,9,8,3,5,6,6,4,8
802	2,4,7,8,7,4,7,4,3,5
803	9,3,1,8,9,5,4,9,3,1
804	2,9,6,1,1,3,3,9,4,5
805	2,6,8,3,1,8,7,6,1,1
806	4,6,9,2,9,5,8,2,4,3
807	1,6,3,2,2,2,7,5,9,7
808	4,9,2,7,1,7,5,3,2,1
809	1,1,2,8,6,6,1,2,4,8
810	9,5,8,7,1,2,5,7,9,9
811	4,1,5,4,1,1,1,6,6,1
812	6,6,3,4,5,6,3,5,5,3
813	5,3,7,1,6,2,7,2,7,1
814	1,5,4,1,2,9,1,6,3,1
815	9,2,2,6,4,2,7,5,5,5
816	5,3,6,6,3,3,7,7,9,6
817	3,7,9,2,2,8,1,7,6,1
818	9,5,5,5,3,1,5,3,1,6
819	2,6,9,9,7,7,8,1,8,1
820	2,8,3,1,1,2,6,5,2,9
821	3,1,5,1,5,9,5,5,2,6
822	7,1,5,1,6,1,5,2,1,4
823	4,9,3,9,5,2,9,7,5,9
824	1,2,9,3,5,1,9,8,1,3
825	8,8,1,8,5,9,9,4,7,1
826	6,9,2,4,3,9,1,8,4,7
827	1,4,8,5,5,8,6,1,1,7
828	3,9,1,1,1,9,1,8,6,4
829	9,1,7,3,4,5,8,3,1,7
830	1,7,7,6,5,1,6,1,2,3
831	8,1,3,1,5,1,8,8,3,8
832	1,5,1,1,1,4,3,7,4,7
833	9,4,1,3,2,3,6,4,4,3
834	8,3,4,2,7,5,4,3,6,4
835	3,4,4,3,5,3,1,2,9,2
836	7,8,4,9,1,1,6,1,2,4
837	3,5,6,3,3,3,1,9,9,1
838	8,5,1,1,8,6,6,6,9,4
839	8,2,8,1,1,9,2,5,1,1
840	4,9,9,6,7,1,5,4,9,9
841	1,7,7,4,3,7,3,8,8,5
842	9,4,7,9,1,2,5,7,4,1
843	1,1,7,9,8,4,3,4,1,4
844	8,4,6,1,1,2,9,1,3,9
845	6,9,3,3,1,1,6,2,1,5
846	1,2,9,5,8,3,7,9,6,9
847	2,5,9,9,6,3,4,7,1,2
848	7,9,7,2,7,3,5,4,1,8
849	1,1,3,3,8,3,7,6,7,1
850	7,8,9,9,6,5,4,8,2,5
851	5,1,6,4,3,3,3,8,6,1
852	2,1,4,1,9,3,7,1,3,1
853	7,9,3,7,7,1,6,9,7,2
854	1,9,4,8,4,3,5,5,3,4
855	5,3,2,8,4,1,7,5,7,2
856	4,6,7,8,8,7,6,7,9,3
857	2,9,1,1,9,1,7,9,3,9
858	8,7,2,1,4,3,4,8,8,1
859	2,9,1,8,5,4,1,9,1,2
860	3,1,1,5,5,3,6,6,5,2
861	7,9,6,4,2,7,4,9,3,8
862	1,5,4,2,7,5,9,1,7,1
863	7,2,6,5,6,9,1,1,8,9
864	8,6,4,7,5,4,1,8,4,1
865	9,9,6,3,7,8,3,1,4,6
866	2,1,8,6,3,2,9,6,6,8
867	7,9,2,1,1,6,6,3,5,1
868	7,5,8,5,2,1,6,8,8,1
869	9,1,1,7,1,6,9,8,2,8
870	6,7,2,3,7,7,9,8,3,1
871	7,9,7,8,8,6,1,1,1,7
872	5,5,6,8,5,5,2,3,9,5
873	1,8,1,1,6,8,2,8,5,4
874	2,1,9,2,1,5,4,6,7,1
875	2,4,7,8,5,5,3,8,4,3
876	2,1,3,4,4,6,1,1,9,1
877	1,3,8,4,6,9,3,6,1,4
878	2,7,6,6,7,4,4,1,2,5
879	4,4,9,1,3,7,5,3,4,9
880	3,4,6,4,4,2,1,3,9,3
881	7,1,1,4,4,3,1,8,9,3
882	2,6,8,7,6,7,5,9,2,4
883	4,4,6,8,5,9,6,9,7,4
884	4,1,2,4,1,6,7,2,2,1
885	5,1,8,9,7,2,4,8,3,1
886	2,8,1,1,8,9,2,4,6,9
887	9,1,7,3,6,8,1,6,8,5
888	5,5,3,1,7,8,3,6,6,9
889	2,4,4,2,1,4,9,1,5,6
890	1,6,7,4,4,6,5,4,4,1
891	1,5,8,1,2,6,7,6,5,3
892	4,5,4,4,8,8,1,9,3,7
893	6,2,6,5,1,8,4,3,1,5
894	9,1,1,8,4,2,9,3,7,7
895	4,5,5,1,8,3,3,8,8,7
896	2,3,1,2,7,1,8,2,6,6
897	1,2,2,4,2,3,2,1,1,9
898	1,1,1,3,9,3,8,5,8,7
899	6,1,2,1,1,2,1,2,3,5
900	3,8,6,1,3,1,8,4,2,6
901	6,2,7,7,9,4,1,8,2,5
902	1,7,5,5,9,7,4,3,6,4
903	4,1,7,3,6,6,6,4,5,1
904	1,5,7,8,7,1,2,1,3,2
905	7,7,4,8,3,3,2,6,9,1
906	3,2,2,3,6,3,5,1,6,1
907	1,5,6,3,6,1,3,5,1,1
908	1,3,4,3,4,1,2,4,6,2
909	5,1,7,2,1,2,7,4,7,7
910	8,3,1,5,1,4,6,7,1,2
911	1,5,7,4,1,8,1,6,8,7
912	6,9,1,8,9,8,8,6,2,2
913	5,8,1,1,1,1,2,6,7,8
914	9,1,9,3,5,6,9,3,5,3
915	4,5,8,3,9,7,7,1,8,1
916	3,4,7,1,8,5,6,1,3,1
917	6,6,3,7,4,5,1,5,1,1
918	6,5,1,5,9,1,1,7,5,6
919	7,1,5,1,6,2,9,3,8,7
920	9,7,1,7,1,2,5,1,2,1
921	9,6,2,4,6,4,2,9,9,2
922	9,7,5,7,1,4,3,8,1,4
923	3,2,6,4,9,4,9,9,1,3
924	5,5,7,7,5,6,6,3,2,4
925	9,3,9,8,1,9,2,4,1,1
926	6,2,5,8,4,7,1,4,4,7
927	6,4,8,8,6,6,1,8,6,9
928	3,4,5,1,2,5,3,7,4,2
929	9,2,5,1,7,6,9,4,7,1
930	7,3,4,9,6,8,5,3,3,2
931	1,9,6,3,2,8,1,8,6,2
932	1,6,4,9,8,1,4,2,9,9
933	6,6,7,8,5,7,5,4,5,3
934	3,8,8,3,8,3,6,1,3,3
935	6,7,8,3,2,1,6,1,6,5
936	4,6,9,1,4,1,8,1,7,8
937	8,6,5,1,8,4,5,6,1,5
938	4,8,3,6,9,2,8,9,3,9
939	3,4,6,9,5,3,7,1,2,7
940	7,8,6,2,6,2,5,1,8,7
941	8,3,8,7,4,3,3,6,8,6
942	6,4,9,4,5,6,1,7,1,6
943	4,1,1,1,1,3,2,3,7,6
944	3,2,5,1,9,4,2,7,6,7
945	3,9,6,2,1,9,1,3,1,7
946	1,2,6,1,8,5,7,1,1,8
947	1,4,1,4,5,9,7,3,6,1
948	1,1,1,9,2,6,1,4,5,2
949	1,3,1,1,1,3,9,1,6,8
950	9,8,2,2,7,2,8,1,5,4
951	2,4,2,1,8,1,3,9,3,6
952	8,1,1,8,1,5,8,1,1,7
953	7,4,2,3,8,6,9,2,1,7
954	2,6,5,5,5,8,1,4,1,1
955	2,5,2,4,1,3,2,7,1,6
956	5,7,3,2,4,9,9,1,8,1
957	5,7,9,2,1,1,1,1,8,5
958	5,6,6,3,8,3,9,1,6,3
959	2,2,1,6,2,8,6,7,9,9
960	2,8,6,1,6,7,6,9,9,1
961	7,7,4,1,1,6,3,3,7,9
962	4,1,7,4,2,6,6,7,7,5
963	8,7,4,4,8,9,2,3,6,3
964	8,1,1,8,1,1,4,1,3,8
965	3,2,1,8,3,3,9,7,9,4
966	5,9,2,6,9,4,2,5,5,3
967	6,8,1,5,1,2,5,6,5,1
968	7,2,6,5,1,7,9,8,2,8
969	2,7,4,7,7,9,3,1,5,7
970	5,5,7,3,5,1,7,7,9,9
971	2,2,1,6,4,3,2,2,9,6
972	1,3,1,1,6,4,7,8,3,1
973	6,4,4,1,5,9,7,8,7,1
974	7,1,3,1,7,7,3,1,3,9
975	6,4,5,5,8,6,4,1,2,1
976	8,3,1,2,1,5,9,3,1,4
977	1,3,1,9,4,1,7,1,3,7
978	8,4,7,6,4,7,9,3,4,8
979	7,7,7,3,1,3,8,9,1,8
980	4,8,3,1,1,9,4,4,2,1
981	6,2,9,1,7,5,7,9,4,2
982	1,1,3,8,3,4,5,4,1,3
983	5,8,4,1,8,8,2,7,2,5
984	5,6,2,6,2,9,7,5,3,5
985	5,3,7,2,7,1,9,1,2,4
986	4,3,3,8,1,1,7,1,1,1
987	6,5,3,8,7,8,4,6,3,4
988	8,9,5,2,5,1,7,1,1,7
989	6,2,2,1,2,2,2,8,5,4
990	1,7,5,3,9,4,7,8,4,5
991	8,6,7,1,8,1,2,8,2,4
992	9,1,4,2,1,7,4,7,5,1
993	5,5,5,1,8,7,5,2,9,8
994	7,9,5,8,6,9,2,5,2,6
995	6,2,8,1,8,5,4,3,9,8
996	7,3,3,1,6,6,6,3,6,1
997	1,8,6,8,9,9,1,7,1,1
998	1,8,3,6,8,2,2,1,6,4
999	2,1,3,9,4,9,7,9,2,7
1000	9,9,6,6,9,9,3,1,6,8
